6.256406565300151
1.2333189464580372
1.3742886478306993
1.5472954935989454
5.647469407044237
3.6585990353832627
3.6585990353832627
3.6585990353832627
4.126872811187242
3.6585990353832627
2.3082126459364805
1.6596729653150304
4.002491355024109
1.6596729653150304
1.5591694845253117
1.38612014950197
2.8125977997504163
5.1149438681750246
5.817821411570388
2.185136623066923
4.046259590703487
3.6008853020514224
3.6008853020514224
6.263327271729648
2.2819554021134736
2.09858102163742
5.257811838119456
3.797955391006461
2.0150023371060914
5.871640874306477
4.653549221576971
4.214038067090382
6.75208161922156
4.653549221576971
2.996341866932125
1.9959944079110516
6.919141886846833
1.729126926888105
1.9959944079110516
2.257399922619435
2.0653214083867693
4.765136734235741
4.915667155314023
3.303665251768649
5.5032805903793225
11.115693961043053
2.8758728946641825
3.5965135685635023
2.8758728946641825
3.1756696263207873
3.280820797973695
3.280820797973695
4.5526926642828
1.5398662350651398
1.4965204133781818
3.087554969849044
3.7866838888026755
4.946854860886347
4.686072007579623
2.840145742365436
2.840145742365436
4.1398876419400255
2.3921875082628477
5.12702220896898
2.390734555732374
4.149294308829852
2.9975783709517305
2.9975783709517305
2.149373550595343
3.8871566483268274
6.1070424679086575
4.603826121347289
4.745737363308691
3.6513902411358274
3.8640177707617016
3.071668291239688
5.305062766295966
1.4045402114094974
1.2409380584269647
5.305062766295966
1.3340075628603105
4.2683763110889545
4.2683763110889545
2.1093204989502174
4.822835950834091
3.0659646450540015
3.813151566901569
2.8322879396788094
1.235665835103872
7.0464935527127315
7.0464935527127315
1.4923029091963564
4.561226893156321
2.560183192633699
1.4413296925156964
4.561226893156321
6.093091332523076
6.093091332523076
2.662751882317225
1.925891596668689
1.3072480983982717
2.569102816645824
4.256833804524736
1.652958534050403
5.068403503064547
4.799979596200462
5.960359643280443
6.150190743370334
2.6292298180207396
6.150190743370334
4.668781347590601
5.960359643280443
2.488433338486206
3.2396760813034673
4.631543476483174
4.950473452984738
5.935819800169241
3.554053762974882
3.2429254015698405
5.935819800169241
4.545247748264832
5.727518347647418
3.541876359371618
1.9471407950076944
4.2170477011214045
2.93494111834689
2.93494111834689
2.93494111834689
2.93494111834689
2.9622762755086653
5.93383037552971
5.93383037552971
5.03049016250075
2.154561883939287
3.5595652772653175
1.3389138949741248
3.3560223491103724
2.3657300274633557
2.3657300274633557
2.3657300274633557
2.663723373209039
2.663723373209039
2.663723373209039
2.7686799713986736
2.663723373209039
2.0910507448087956
2.43891280478364
1.4912521812267248
1.450042510606569
1.450042510606569
3.408531866701596
5.427996438802519
3.372299020833238
4.070187839164042
4.070187839164042
2.3233933452175615
2.4491306781308406
2.210103960091974
4.97242109781544
7.243979741060226
2.4219626004172556
3.0532477417401647
3.9036526847379593
2.4219626004172556
4.304466445925686
2.625960952736857
3.1442065837212527
3.2963582054759266
6.479435051335734
5.021735533041446
1.170961600991
4.485646080793834
1.600096509180793
4.485646080793834
6.279552016295161
2.585657550839609
6.303175541871763
2.503787381644999
5.215386083140022
2.395514760337922
2.8421548449211693
2.8421548449211693
2.054718885658233
6.911032276867211
6.911032276867211
5.61705568479488
6.068536720215893
2.0710486278263276
2.0710486278263276
3.4638658083834795
7.4712548791535625
2.857721602647884
2.598870161826119
1.3993032662313638
4.316789263715631
5.202373380623438
1.3878132667982495
1.3640258154717102
6.624676567300245
2.484428466559752
2.230638238276241
9.032804038094794
9.032804038094794
2.165066668583974
1.4151741530529858
3.4660336059341375
2.992410566490596
2.1153964199555504
4.566525589993992
4.505063357027403
4.566525589993992
1.6820331157659254
1.8726864370413985
2.1153964199555504
5.779615051466777
1.5952158385262134
1.7633775015401671
1.5952158385262134
3.252746868442029
1.7421365780657874
8.575751804674313
1.7421365780657874
4.348246772623542
4.647349125533418
2.694589377598902
2.094540047883882
2.094540047883882
4.5354982596642275
2.088181148415682
4.337842957496706
5.282717796370138
3.6407320245966996
4.933426605832181
1.3329469323114618
2.2366240679751024
7.309903069161806
7.309903069161806
6.170175361281842
3.1703058040327132
1.1551097184784782
6.400706749316906
2.5782109224073375
6.373667155776624
2.7013661428185607
2.079662876790513
6.40192398410771
6.374884390567429
2.7013661428185607
3.2787388980385126
4.553762614516325
2.6314679595671424
2.5782109224073375
1.8230140242613007
4.4819944406935175
5.855051989192015
2.2254840596484944
1.7998360991339677
6.363165779628257
5.855051989192015
1.9747517518720588
1.7178142602459308
4.940622880716662
1.4708910360173766
2.670272530625861
3.11372500832164
4.3378204133686165
4.3378204133686165
4.339841769444925
2.876878592292937
4.339841769444925
3.773651154971418
2.1985270223362483
1.804208912771454
3.651763713900535
3.4114299703608397
6.404571347772252
5.878981027432542
6.404571347772252
5.880198262223346
1.506137155674215
2.1421309663046735
1.452069384767129
2.1421309663046735
1.2172429679777996
1.492823231781152
1.3617633660766866
2.1721481427065426
2.108307575909638
1.7762080166007808
1.4752592523862609
1.339195931955409
1.8988254944213225
1.4752592523862609
1.803335342897539
9.07329927960795
2.5035602487847495
2.5473220725150267
9.07329927960795
1.7327223339347153
1.539676621264194
1.7327223339347153
1.64580950422395
4.6174897897870615
4.232132004027448
1.5626249588343182
1.4803488294563263
1.4282402864320975
1.5699691747029125
1.4803488294563263
2.445459606950497
1.9545454741146415
3.8534741040240688
2.57631781274526
1.8363003416995043
4.544406838598766
4.508747171492264
4.5093557888876665
4.330495033984592
3.742469005306848
1.9215630419618634
2.4477283101637948
3.742469005306848
2.0634350123145833
4.330495033984592
4.658243361661858
3.6911695976724435
2.9045490030466445
3.1170786949669393
2.3424998896282876
4.364747385765098
4.526274450461542
1.873809031210947
2.4630903040684053
2.2869257805757046
5.9454828891716085
2.580495192118905
2.8889925681421005
3.653214033615681
2.7771086854175415
2.4752664230384758
4.730993769115112
2.689089942410937
3.7953378680468286
3.444101738093808
2.160816251653164
2.0553640434632676
2.5397329503002246
2.4798028450122303
2.3950538551689298
3.9406893732117374
2.4263963167504343
2.460806104573169
2.5365731229150947
4.39878883654578
2.5949367481423917
2.2905177149741536
2.332348125151129
2.009979837051043
2.2905177149741536
8.511751760472915
8.443878342072608
8.443878342072608
8.443878342072608
2.0306669452426984
2.0306669452426984
2.0306669452426984
3.5845645188219577
4.074755418576213
2.0306669452426984
3.501572466569033
2.8761378247184446
3.0756942925783752
2.390890427643832
7.087034603327639
3.763025573305776
6.2111721594356935
2.1032097832144325
2.6617377158068183
2.492573997925263
2.0889638403366244
2.999021198261655
2.3461335238307264
2.999021198261655
2.4696423797148577
6.665360075725135
3.1343642340464317
3.839615974761553
4.7983002385714375
2.602540640661765
7.074034201135287
5.611547451120853
3.2239293704341057
2.4575214242015178
3.551961033867925
3.37683660989748
3.8201475111207586
4.396148515978701
3.551961033867925
3.8019591904594128
3.368860887117322
