5.109766450475389
5.374693249428169
5.902488713718531
6.229280273474798
5.859303494413119
5.687513914936726
5.687513914936726
5.687513914936726
5.927317564944133
5.687513914936726
5.5462443181444305
5.415932442200392
4.933846739711674
5.415932442200392
6.043811629739821
6.162810134645919
6.167970931733697
5.082879306935595
6.203235039756255
5.734865810017112
5.983204964725129
6.613105204359113
6.613105204359113
5.280124557594246
6.737571909516184
6.676834584679964
5.4235189331796665
5.240914571065485
5.62156987322053
5.807324848646147
5.153983818423317
5.951080325796623
5.740265297039246
5.153983818423317
5.7684465396410225
6.269402970743973
5.643927045913019
5.2754695403555
6.269402970743973
5.4635336102177
5.915561234182357
5.160617779566225
5.814145826455513
6.408493556797005
5.1685811795347
5.516973516247399
5.5477424160658195
5.273294412418554
5.5477424160658195
5.678385240974478
5.671921320812798
5.671921320812798
5.305180850169957
5.27823609754373
5.34614674042109
5.795730749912655
5.457775223425737
5.1839951499787285
5.56408176078235
5.711487412134951
5.711487412134951
5.323254374959634
5.606583430271183
5.852303680161016
5.468794012322548
6.2029591241405
5.446427491946482
5.446427491946482
6.563194470496095
5.07921266364165
6.086700536896306
6.093547510568634
5.808796016250321
5.456087975515922
5.2362740164337325
5.853323525476243
5.125841260298949
6.504827051538664
5.214265601574075
5.125841260298949
6.399069481716798
5.436507100892104
5.436507100892104
5.798022827566507
5.618851772772318
5.606597062206113
6.372399548844848
6.130145532247226
6.531920064012047
5.165872658856914
5.165872658856914
5.782916613872545
5.804432576704979
5.878400194540433
5.338082883548015
5.804432576704979
5.187059348898936
5.187059348898936
6.0370506278804275
5.724680840007741
5.790632897556285
5.764868871829152
5.72925620923591
6.165281189649929
5.8264814466492245
5.041758366419694
5.13947084438147
5.742326141191489
5.720936888815265
5.742326141191489
4.944876425592874
5.13947084438147
6.132011004610544
5.637346886440668
5.228245807559218
5.24306662032932
5.077097577398684
5.712413814407969
6.485415119962283
5.077097577398684
5.3158171157304865
5.6866994649882985
5.62102310339128
6.217650918570584
6.008245810549365
5.42255214340737
5.42255214340737
5.42255214340737
5.42255214340737
4.902517074473993
5.06172326862154
5.06172326862154
5.256299602806822
5.439167971802746
5.544936529769111
5.368726826772248
6.057696454828177
4.903068447583069
4.903068447583069
4.903068447583069
5.546667811417995
5.546667811417995
5.546667811417995
5.567009571195551
5.546667811417995
6.651922947648349
5.619948701500695
5.5819641455008835
5.204017481649709
5.204017481649709
5.577597522141167
5.684336240171822
5.816192439642312
5.402193620162066
5.402193620162066
5.317772303766297
5.037128306706935
5.0489120859873555
5.693529776155074
5.3470716115717245
6.2530819580376935
6.03510814291902
5.538441236641821
6.2530819580376935
5.283072948101683
5.89664772138997
5.2276933047488106
5.178123368603136
5.062635636785104
5.270113941456393
5.341035223299408
5.211549105903702
5.98882561121342
5.211549105903702
5.1802645640689695
5.167016012758676
4.967619662045257
5.463933941430303
5.509586141095173
5.283941931580778
5.65752664339996
5.65752664339996
5.070715512764685
5.22245585817994
5.22245585817994
4.925412960089521
5.209838250885522
5.237180623038533
5.237180623038533
5.374122603194705
4.893388753324134
5.906911094462497
5.794233874184032
5.22077591019776
5.484634610215233
4.88719448420654
5.504125132720475
5.538691360327629
5.0031271205877195
5.396120688030541
5.7197275984239315
5.084823487141646
5.084823487141646
6.03023365260919
5.32570166914325
5.7035551362660835
5.882886995762787
6.001638735205974
5.402854623062457
6.3726593180809115
5.402854623062457
5.8281296404223735
5.409677618428815
6.001638735205974
5.676781097091524
5.843256190636735
4.945445046106837
5.843256190636735
6.087109855857639
5.3457315528415785
5.074592479117513
5.3457315528415785
5.138578393902508
5.826326802730118
5.592208676331111
5.4167338038520185
5.4167338038520185
6.054407408029251
5.815466398018828
5.772334416233562
5.933148483560812
5.459944623098169
5.1843558754313355
5.602274800647465
5.126778095236776
6.355843517850678
6.355843517850678
5.273455858245205
5.7368370193415155
5.408881259103842
5.552908594496929
5.767246986472157
5.110369194961065
5.245756980234857
5.806534595650306
5.563622789197
5.121083389661145
5.245756980234857
5.1776904173873275
5.258310829211325
5.763298275765775
5.767246986472157
5.856132922262155
5.783565738111806
4.952694142504644
6.6419557262972635
5.501102101363139
5.126297163257449
4.952694142504644
5.77067642687593
6.117617407271633
5.297315652098305
5.173535562721241
5.394401243988472
5.509923253310218
5.187239564589513
5.187239564589513
5.378294494032463
5.618857197407611
5.378294494032463
5.231091904885442
5.7903767825825385
6.18562016900051
5.82572834475528
5.337796967365216
6.1506906468411024
5.831926193660026
6.1506906468411024
5.842640388360096
5.575635707365689
5.8295181075513245
5.044449259141548
5.8295181075513245
5.46495592196415
5.775813378475631
5.585720279714785
5.1911771552963035
5.357522590386203
5.307522739226427
5.46979896440622
5.40946675739777
6.0970686130164005
5.46979896440622
5.746473301694215
4.865923170338149
5.15555025461085
5.506472625346564
4.865923170338149
5.803034163903611
5.53355294051727
5.803034163903611
5.277884502049468
5.277486384614214
5.185763580187608
5.499695714446236
5.897652953110361
5.257099119216076
5.550740759861509
5.897652953110361
5.568986068662252
5.835423495998864
5.092786882305536
5.326272242975515
5.364368740203707
5.169076507495041
5.012954849328226
5.018311946678268
5.24854042385212
5.331789522094773
5.555622979033345
5.328112503375166
5.331789522094773
4.963384984265672
5.24854042385212
5.343659197881768
5.0558405131229875
5.147172394202425
5.120914639690747
5.593954100844588
5.456906105734432
5.499565120891093
5.6642855388047595
5.231586270946908
5.365129926507017
5.081635886347747
5.780459342068455
5.19791957687246
5.216216609442796
5.049502861972392
5.836798340917719
5.321152817886836
5.743671552537107
5.64280132551782
5.534818008364416
6.414123930105888
6.040214530928813
5.234919376303271
5.40539577959693
5.8198093868538745
6.301290332700628
5.868438242325234
5.228089668721262
5.197405378085344
5.680163063063167
5.232235415782478
5.61448481172932
5.508595520022494
5.24184732821058
5.61448481172932
5.314081502309264
5.0840659716403795
5.0840659716403795
5.0840659716403795
5.403866365543832
5.403866365543832
5.403866365543832
5.5558035047273755
5.588346993543444
5.403866365543832
5.0442470698005915
5.595696486289058
5.964767894084108
5.5653757318081665
5.020761564783644
5.83608996747841
5.511060187392916
6.026078880572898
5.780838438375367
5.9126557984440975
5.712418835716747
5.6032375130064995
6.003528080887637
5.6032375130064995
5.765936820276376
4.8664725115594125
5.813922618394502
5.8291250652299915
5.889104455418028
5.367061655668527
6.0743917958900635
5.1144666632422
5.708129660536038
5.503608594188418
5.547562829753327
5.1646503586891415
5.352644146262035
5.54760115313938
5.547562829753327
5.204516160863515
5.448780911465299
